RMS:  [[0.2198, 0.22643333333333335, 0.231], [0.198, 0.2042361111111111, 0.2104], [0.1887, 0.19353214285714287, 0.1984], [0.1825, 0.18741825396825398, 0.1918], [0.1796, 0.18345952380952382, 0.1878], [0.1762, 0.18053928571428574, 0.1844], [0.1747, 0.17834722222222218, 0.1813], [0.1751, 0.1767111111111111, 0.1794], [0.175, 0.175, 0.175]]
AM:  [[0.2198, 0.22643333333333335, 0.231], [0.1957, 0.20223055555555552, 0.2079], [0.1849, 0.19116785714285714, 0.1969], [0.1805, 0.1851920634920635, 0.1896], [0.1768, 0.1813952380952381, 0.1854], [0.1747, 0.17877023809523807, 0.1827], [0.1736, 0.17703888888888888, 0.1802], [0.1742, 0.17555555555555558, 0.1774], [0.1745, 0.1745, 0.1745]]
GM:  [[0.2198, 0.22643333333333335, 0.231], [0.1915, 0.19856666666666667, 0.2041], [0.1813, 0.18791428571428573, 0.1937], [0.1773, 0.18234206349206347, 0.1876], [0.1747, 0.17901984126984125, 0.1835], [0.1733, 0.176825, 0.1803], [0.1724, 0.17521944444444443, 0.1784], [0.1729, 0.17422222222222222, 0.1759], [0.1742, 0.1742, 0.1742]]
HM:  [[0.2198, 0.22643333333333335, 0.231], [0.1927, 0.19973055555555555, 0.2052], [0.1836, 0.19062380952380953, 0.1975], [0.1805, 0.18581031746031748, 0.191], [0.1793, 0.18290793650793652, 0.187], [0.1774, 0.18095595238095236, 0.1843], [0.1768, 0.17950833333333333, 0.1813], [0.1754, 0.1781666666666667, 0.1792], [0.1772, 0.1772, 0.1772]]
