RMS:  [[0.0458, 0.04724444444444445, 0.0484], [0.0397, 0.04133888888888889, 0.044], [0.0364, 0.03888809523809523, 0.0409], [0.0349, 0.037428571428571415, 0.0393], [0.0347, 0.03658015873015872, 0.0381], [0.0345, 0.036064285714285715, 0.0379], [0.0341, 0.03548611111111111, 0.037], [0.0345, 0.035055555555555555, 0.0361], [0.0339, 0.0339, 0.0339]]
AM:  [[0.0458, 0.04724444444444445, 0.0484], [0.0396, 0.04111388888888888, 0.0438], [0.0365, 0.038801190476190475, 0.0403], [0.0347, 0.03730714285714285, 0.0391], [0.0345, 0.03652301587301587, 0.0383], [0.0343, 0.03602500000000001, 0.0377], [0.0344, 0.03545833333333334, 0.0369], [0.0344, 0.03501111111111112, 0.0361], [0.034, 0.034, 0.034]]
GM:  [[0.0458, 0.04724444444444445, 0.0484], [0.0391, 0.04083611111111111, 0.0438], [0.0368, 0.038354761904761905, 0.0399], [0.0352, 0.03696984126984128, 0.0387], [0.0346, 0.0361436507936508, 0.0378], [0.0342, 0.03560833333333333, 0.0373], [0.0343, 0.03526666666666666, 0.0364], [0.0342, 0.03467777777777778, 0.0351], [0.0347, 0.0347, 0.0347]]
HM:  [[0.0458, 0.04724444444444445, 0.0484], [0.0391, 0.04098888888888888, 0.0437], [0.0373, 0.039107142857142854, 0.0414], [0.0362, 0.038196825396825396, 0.0403], [0.036, 0.03758730158730158, 0.0392], [0.036, 0.037075, 0.0386], [0.0358, 0.03660833333333333, 0.0376], [0.0357, 0.03617777777777778, 0.0366], [0.0358, 0.0358, 0.0358]]
