RMS:  [[0.257, 0.26205555555555554, 0.2677], [0.2344, 0.24013888888888893, 0.2449], [0.2244, 0.22965476190476186, 0.2346], [0.2173, 0.2234873015873016, 0.2293], [0.2137, 0.21952619047619046, 0.2235], [0.2117, 0.21640595238095234, 0.2203], [0.2114, 0.2139611111111111, 0.2167], [0.2099, 0.21196666666666666, 0.214], [0.2106, 0.2106, 0.2106]]
AM:  [[0.257, 0.26205555555555554, 0.2677], [0.2341, 0.2392, 0.244], [0.2232, 0.2284416666666667, 0.2327], [0.2166, 0.22239920634920632, 0.2278], [0.2136, 0.2186277777777778, 0.2231], [0.2115, 0.21553809523809528, 0.2193], [0.2105, 0.21325555555555553, 0.2163], [0.2095, 0.21133333333333332, 0.2136], [0.2105, 0.2105, 0.2105]]
GM:  [[0.257, 0.26205555555555554, 0.2677], [0.2315, 0.23630555555555555, 0.2417], [0.22, 0.22627857142857138, 0.2323], [0.2161, 0.22076031746031743, 0.2263], [0.2119, 0.21740476190476196, 0.2213], [0.212, 0.21526428571428577, 0.2193], [0.2109, 0.21346388888888887, 0.216], [0.2085, 0.2117222222222222, 0.2134], [0.2106, 0.2106, 0.2106]]
HM:  [[0.257, 0.26205555555555554, 0.2677], [0.2344, 0.23900000000000002, 0.2437], [0.2276, 0.23206666666666664, 0.2375], [0.2247, 0.22839285714285718, 0.2334], [0.2228, 0.22602936507936508, 0.2294], [0.2213, 0.224422619047619, 0.227], [0.2206, 0.22315833333333332, 0.2256], [0.2206, 0.22214444444444442, 0.2235], [0.2213, 0.2213, 0.2213]]
