RMS:  [[0.0576, 0.060511111111111106, 0.0624], [0.0514, 0.05358611111111111, 0.0558], [0.0473, 0.05061547619047618, 0.053], [0.0468, 0.04915634920634921, 0.0516], [0.0463, 0.04817222222222223, 0.0498], [0.0463, 0.04762380952380953, 0.0495], [0.0463, 0.04725555555555556, 0.0481], [0.0462, 0.04718888888888889, 0.0477], [0.0472, 0.0472, 0.0472]]
AM:  [[0.0576, 0.060511111111111106, 0.0624], [0.0515, 0.0535388888888889, 0.056], [0.047, 0.05047142857142858, 0.0527], [0.0468, 0.049007936507936514, 0.0509], [0.0464, 0.048075396825396834, 0.0499], [0.0463, 0.047444047619047615, 0.0492], [0.0462, 0.047180555555555545, 0.048], [0.0461, 0.04705555555555555, 0.0479], [0.0468, 0.0468, 0.0468]]
GM:  [[0.0576, 0.060511111111111106, 0.0624], [0.051, 0.053347222222222226, 0.0558], [0.0472, 0.0501452380952381, 0.052], [0.0461, 0.04878253968253968, 0.0504], [0.0463, 0.04786587301587301, 0.0496], [0.0459, 0.04720714285714286, 0.0491], [0.0457, 0.04693888888888889, 0.048], [0.0461, 0.04652222222222222, 0.047], [0.0466, 0.0466, 0.0466]]
HM:  [[0.0576, 0.060511111111111106, 0.0624], [0.0512, 0.053427777777777775, 0.0556], [0.0489, 0.0511845238095238, 0.0536], [0.0482, 0.04999444444444444, 0.0518], [0.0471, 0.04930714285714286, 0.0509], [0.0471, 0.048870238095238085, 0.0504], [0.0475, 0.048575, 0.0496], [0.0479, 0.04844444444444444, 0.0491], [0.0485, 0.0485, 0.0485]]
