RMS:  [[0.2418, 0.24712222222222222, 0.2514], [0.2218, 0.2261, 0.2308], [0.2111, 0.21635119047619047, 0.2214], [0.2067, 0.21054761904761898, 0.2145], [0.2022, 0.20679444444444448, 0.2115], [0.2007, 0.20452380952380952, 0.2076], [0.1995, 0.20242777777777776, 0.2056], [0.1991, 0.20106666666666667, 0.2029], [0.1992, 0.1992, 0.1992]]
AM:  [[0.2418, 0.24712222222222222, 0.2514], [0.2207, 0.22440833333333332, 0.2296], [0.2099, 0.21459880952380953, 0.2192], [0.2047, 0.20892619047619054, 0.2127], [0.2014, 0.20542619047619048, 0.2094], [0.2004, 0.20337857142857144, 0.2077], [0.1987, 0.2014388888888889, 0.2042], [0.1988, 0.2004222222222222, 0.2028], [0.1988, 0.1988, 0.1988]]
GM:  [[0.2418, 0.24712222222222222, 0.2514], [0.2154, 0.22159166666666666, 0.2275], [0.2073, 0.21205119047619048, 0.2177], [0.2017, 0.20713412698412695, 0.2116], [0.1974, 0.20405555555555557, 0.2089], [0.1981, 0.2021595238095238, 0.2058], [0.198, 0.20069444444444445, 0.2036], [0.1988, 0.20003333333333334, 0.2015], [0.1998, 0.1998, 0.1998]]
HM:  [[0.2418, 0.24712222222222222, 0.2514], [0.2177, 0.22276944444444446, 0.2305], [0.2091, 0.21462619047619044, 0.2214], [0.2059, 0.21074682539682538, 0.2153], [0.2032, 0.20854047619047622, 0.2126], [0.2026, 0.2070523809523809, 0.2104], [0.203, 0.20591388888888887, 0.2081], [0.2033, 0.20505555555555557, 0.2067], [0.2042, 0.2042, 0.2042]]
