RMS:  [[0.0514, 0.05524444444444444, 0.0624], [0.0442, 0.04797222222222222, 0.054], [0.0416, 0.04525476190476191, 0.0502], [0.0403, 0.04351825396825398, 0.0474], [0.0393, 0.04256825396825397, 0.0455], [0.0395, 0.041857142857142864, 0.0437], [0.039, 0.04137222222222223, 0.0429], [0.0398, 0.04106666666666667, 0.0418], [0.04, 0.04, 0.04]]
AM:  [[0.0514, 0.05524444444444444, 0.0624], [0.0444, 0.04775, 0.0538], [0.0416, 0.04511428571428572, 0.0499], [0.04, 0.04335634920634921, 0.0471], [0.0393, 0.04250317460317459, 0.0454], [0.0396, 0.041652380952380955, 0.0434], [0.0388, 0.04125, 0.0425], [0.0396, 0.040822222222222225, 0.0413], [0.0398, 0.0398, 0.0398]]
GM:  [[0.0514, 0.05524444444444444, 0.0624], [0.0439, 0.047447222222222224, 0.0537], [0.0411, 0.04450238095238095, 0.0496], [0.0399, 0.04308015873015873, 0.0467], [0.0393, 0.042153174603174595, 0.0449], [0.0395, 0.041520238095238096, 0.0436], [0.0391, 0.04097222222222223, 0.0422], [0.0395, 0.040822222222222225, 0.0416], [0.0401, 0.0401, 0.0401]]
HM:  [[0.0514, 0.05524444444444444, 0.0624], [0.0443, 0.04755277777777778, 0.0534], [0.0416, 0.04508928571428571, 0.0497], [0.0402, 0.04405396825396826, 0.0482], [0.0397, 0.043506349206349194, 0.0466], [0.0397, 0.0431797619047619, 0.0457], [0.0404, 0.04304444444444445, 0.0447], [0.0415, 0.04302222222222222, 0.0438], [0.0431, 0.0431, 0.0431]]
